Simulation ran on: 2023-06-22 17:52:57.669677
Mass: 973398
Max tensile stress: 7.838329e+08
Vibrational modes of the structure (146 in total):
	0.5620012395442391
	0.8918188443352812
	1.101794408687082
	1.2820275138668855
	1.4068799695299274
	1.8818951093662368
	2.028872184685053
	2.2472415768896603
	2.2972085769743633
	2.625076984119432
	2.7334425725504072
	2.9481036853175584
	2.983748729946877
	3.067929451104317
	3.167626788785157
	3.3741653763694703
	3.5054245250761307
	3.5622482479930935
	3.8195894818466107
	3.9133380866868546
	4.026988125447657
	4.1183953021304145
	4.16683271311447
	4.183321622107966
	4.434995158075799
	4.599357678244397
	4.691713434006102
	4.785767231026754
	4.981723075038529
	5.069373185952423
	5.102480284357833
	5.271578827968155
	5.5189426045217616
	5.6026203067633995
	5.7619694768213705
	5.892305230102989
	6.074177454691421
	6.148735115674486
	6.236973078845694
	6.455027449523096
	6.61710423974471
	6.657568222388744
	6.9622704038804635
	7.097510312565159
	7.21118899286429
	7.492135072087514
	7.632814945269471
	7.743358087169476
	8.100819018900212
	8.219333616655415
	8.287994929926807
	8.463508659628186
	8.489428500508703
	8.524938568749763
	8.711176820951595
	8.852624111697496
	8.972364743157286
	9.063375917395621
	9.379756993373444
	9.570921553850054
	9.740619630233317
	9.901945865072221
	10.012481124879233
	10.13092891319476
	10.422986689189322
	10.456011086269026
	10.657487225326978
	10.848519581685848
	11.038702583300472
	11.22245504148723
	11.302342572669284
	11.41542397365834
	11.453013867893018
	11.546492635455884
	11.618169247452226
	11.742178126068657
	11.91885668438627
	12.060856325495525
	12.185217724980596
	12.372793513686348
	12.433480019574276
	12.62161257916885
	12.868491243165332
	13.304263580940233
	13.496821444988361
	13.665596838785985
	13.770942320937644
	14.090556098482372
	14.149166891409195
	14.27799557265069
	14.686583422774483
	15.125423749106247
	15.182036220921558
	15.279574195457588
	15.39313330038317
	15.563994768376809
	15.751557881468266
	15.840038559813838
	15.975288079342407
	16.11229650557488
	16.339483959985074
	16.560277162882265
	16.60893205852061
	16.903191514531063
	17.02920930962572
	17.146572648014693
	17.19302340001217
	17.30612422527916
	17.540328890552292
	17.576887330901897
	17.629044698036882
	17.746256646613546
	17.883204241013143
	17.926392633690686
	18.225734732011297
	18.436641642089285
	18.603742911746814
	18.713954487545706
	18.774689734737837
	18.805854019045825
	18.9192261534673
	19.140184669078995
	19.203729349304314
	19.27741495763927
	19.31358717702038
	19.34692864238975
	19.559111860744263
	19.75009799584777
	19.976219989398253
	20.380005508348475
	20.680205189219567
	20.834902800271692
	21.03725489095347
	21.287523813439066
	21.45718643609211
	21.890526790766852
	22.031943520512296
	22.302600957521708
	22.40350307003181
	22.506048262143103
	22.573845604009065
	22.59957468583804
	23.432886280444652
	24.349419276333123
	25.285295451628443
	27.656873566767942
